bed_id,room_id,status,patient_id,occupied_from,occupied_till
B001,R001,Available,null,null,null
B002,R001,Available,null,null,null
B003,R001,Occupied,P007,2023-06-15,null
B004,R001,Occupied,P010,2023-07-01,null
B005,R002,Occupied,P013,2023-07-15,null
B006,R003,Available,null,null,null
B007,R004,Available,null,null,null
B008,R004,Available,null,null,null
B009,R004,Occupied,P017,2023-08-05,null
B010,R004,Available,null,null,null
B011,R005,Occupied,P020,2023-08-20,null
B012,R006,Available,null,null,null
B013,R007,Available,null,null,null
B014,R007,Available,null,null,null
B015,R007,Occupied,P023,2023-09-10,null
B016,R007,Available,null,null,null
B017,R008,Occupied,P026,2023-10-01,null
B018,R009,Available,null,null,null
B019,R010,Available,null,null,null
B020,R010,Available,null,null,null
B021,R010,Occupied,P029,2023-10-15,null
B022,R010,Available,null,null,null
B023,R011,Occupied,P001,2023-05-15,2023-05-20
B024,R012,Available,null,null,null
B025,R013,Available,null,null,null
